1346744629
3533383872
582843454
668653911
718105477
1810650845
2981699539
773355177
396626412
3496715869
3686290408
4242805379
3212711861
50410939 
2695299762
4167551889
3032607371
3129615105
1753709842
3795216219
2187559362
2764304095
3038786482
3596848579
2808237727
3443969574
411326506
3583340807
1392519363
4229843398
1464365892
3007313053
2274122282
2566776422
2316367337
3347452321
3804470661
239581900
2669465353
3314955553
3231039701
2519844724
909746160
1610969122
3743871310
909746160
225284071
717952133
966504402